176965759644
546449342329
-1690410592
381440806193
-42886366
-15383809
398711743396
869473032120
-3211298237
-632715268
-333332666665
668556346396
-103445293
391068125709
999982000080
-185896
-2687848678
-4
313380124144
69426951059
601387240
353162560
27603786686
63467896261
932540624
551090152972
107310497887
-180314658
73815695824
663410618837
-7382590048
741863247975
427009155080
918994512814
417807424609
973271027777
31031166419
-10510296366
-412851307
185605824659
449523620481
500185191703
846885650295
269296273731
118778411660
204229221029
537403345503
709415101493
-499998000001
859299462083
575331570722
-5084779513
1433013011
862489189247
78812333110
-5669267338
636326648040
-105975187
-331934552
126263975864
504955715012
2082370208
560344335214
-165691223
523958679922
256404001495
114970499327
999986000049
170461536548
19348979853
164395001001
494440032178
385909018343
370720636935
4105678061
-1996996399
-6532199
9266100
210838639828
-1
-428538474
4203832481
345272143940
340827103571
-2650354645
-999994000009
363220166258
158167591168
458740462014
259663232741
582707627968
-1562316584
431838750994
-9
634111571663
176092293956
1690536395
999982000079
-527495204
947312105728
